pid	iowa_id	omics_analysis	sex	group	runseq	corticosterone	glucagon	glucose	glycerol	insulin	insulin_pm	insulin_uu_ml	ketones	lactate	leptin	nefa
10025707	06M8T11	TRUE	Male	8W	1	36	17	179	1.31	2850	491.4	65.55	412	1.36	16431	0.77
10561072	06MST17	TRUE	Male	1W	2	70	38.6	171	1.92	3702	638.3	85.146	473	1.44	50383	0.98
10886028	06FST20	FALSE	Female	1W	3	58	80.4	141	1.82	2357	406.4	54.211	1158	1.11	17774	0.78
10675086	06MST29	FALSE	Male	1W	4	18	26.7	172	2.32	4173	719.5	95.979	687	1.02	31187	1.12
10434046	06MST4	FALSE	Male	2W	5	108	19.9	171	1.31	2682	462.4	61.686	681	1.45	24704	0.69
10179267	06M4T16	FALSE	Male	4W	6	115	23	158	1.09	5815	1002.6	133.745	500	1.3	39160	0.59
10024735	06M8T3	TRUE	Male	8W	7	63	23.4	162	0.75	2466	425.2	56.718	563	1.07	9517	0.54
10300007	06F4T5	FALSE	Female	4W	8	76	82.9	143	2.33	2967	511.6	68.241	913	1.27	11626	1.19
10025979	06M8T13	TRUE	Male	8W	9	70	59.8	182	0.94	2577	444.3	59.271	388	1.36	29076	0.57
10023259	06M8T1	TRUE	Male	SED	10	11	27.1	181	0.97	3634	626.6	83.582	867	0.94	37155	0.69
10734945	06FST6	TRUE	Female	2W	11	31	4.3	146	1.15	2169	374	49.887	972	1.16	12917	0.77
10152148	06M4T13	FALSE	Male	4W	12	15	26.9	173	0.84	3695	637.1	84.985	352	1.31	35535	0.52
10046119	06F8T22	TRUE	Female	SED	13	33	98.5	164	1.65	2504	431.7	57.592	474	1.74	29083	0.8
10025545	06M8T9	FALSE	Male	SED	14	10	10.7	175	1	3137	540.9	72.151	311	2.28	49461	0.43
10972374	06FST30	FALSE	Female	2W	15	67	53.1	155	1.22	2412	415.9	55.476	681	1.29	20258	0.79
10677887	06MST30	FALSE	Male	1W	16	139	58.4	173	1.64	4232	729.7	97.336	766	1.04	52334	1.11
10901434	06FST22	TRUE	Female	1W	17	70	96	143	1.33	2203	379.8	50.669	1006	1.01	11129	0.72
10335730	06F4T11	FALSE	Female	4W	18	29	57.7	167	1.25	2787	480.5	64.101	384	1.56	10914	0.6
10027246	06M8T24	FALSE	Male	8W	19	40	54	154	1.06	2666	459.7	61.318	501	1.98	13341	0.96
10095241	06M4T7	TRUE	Male	4W	20	36	35.8	173	1.43	3879	668.8	89.217	377	2.09	35128	0.73
10044922	06F8T12	TRUE	Female	SED	21	26	161.3	118	1.5	1310	225.9	30.13	1416	1.27	10043	0.82
10059369	06M4T1	FALSE	Male	4W	22	170	27.9	180	0.91	3205	552.6	73.715	595	1.44	24489	0.55
10672656	06MST28	TRUE	Male	2W	23	130	14.2	186	1.05	5171	891.6	118.933	533	1.2	19523	0.56
10026789	06M8T20	TRUE	Male	SED	24	37	42.1	193	1.14	3530	608.6	81.19	636	1.12	38471	0.89
10611193	06MST22	FALSE	Male	2W	25	72	30.6	169	0.97	4380	755.2	100.74	439	1.23	32657	0.6
10027165	06M8T23	TRUE	Male	8W	26	35	76.4	172	0.72	2998	516.9	68.954	381	1.41	8684	0.62
10587543	06MST19	TRUE	Male	2W	27	23	24.1	162	1.55	3122	538.3	71.806	660	1.24	29705	0.96
10871349	06FST18	TRUE	Female	2W	28	78	139	150	1.3	2084	359.3	47.932	1003	1.35	9898	0.71
10356738	06F4T14	FALSE	Female	4W	29	62	54.5	154	2.3	6165	1062.9	141.795	515	1.95	21537	1.04
10046895	06F8T28	FALSE	Female	8W	30	24	52	156	2.08	3051	526	70.173	560	1.71	13484	1.15
10314733	06F4T8	TRUE	Female	4W	31	26	68.8	175	0.93	2445	421.6	56.235	535	1.36	17602	0.58
10782168	06FST13	FALSE	Female	2W	32	55	105.8	120	2.05	1340	231	30.82	970	1.11	6072	1.03
10043608	06F8T2	FALSE	Female	8W	33	41	52.3	171	0.73	4234	730	97.382	338	1.38	9325	0.35
10045813	06F8T20	FALSE	Female	SED	34	109	104.2	145	1.47	3158	544.5	72.634	650	1.42	18732	0.77
10391800	06F4T18	FALSE	Female	4W	35	86	4.4	NA	NA	2350	405.2	54.05	385	NA	11268	NA
10732306	06FST5	FALSE	Female	2W	36	42	102.7	150	1.21	2724	469.7	62.652	1027	1.19	9891	1
10046704	06F8T27	FALSE	Female	8W	37	45	92.8	155	1.58	2432	419.3	55.936	604	1.27	5957	0.89
10436170	06MST5	FALSE	Male	2W	38	10	39.3	178	1.71	3232	557.2	74.336	727	1.46	25782	1.01
10106383	06M4T8	TRUE	Male	4W	39	46	25.4	159	0.95	3319	572.2	76.337	302	2.01	17345	1.03
10472053	06MST7	FALSE	Male	2W	40	127	40.1	156	1.69	3441	593.3	79.143	729	1.23	20161	0.87
10046380	06F8T23	TRUE	Female	SED	41	23	95	123	2.03	2628	453.1	60.444	887	1.63	18054	1.23
10044337	06F8T8	TRUE	Female	SED	42	17	103.2	132	2.64	2332	402.1	53.636	996	1.23	18695	1.01
10027831	06M8T29	FALSE	Male	SED	43	16	28.3	188	1.4	2981	514	68.563	656	1.37	33895	1.27
10417702	06MST1	TRUE	Male	1W	44	127	43.3	184	1.26	5537	954.7	127.351	798	1.01	35424	0.71
10027912	06M8T30	FALSE	Male	8W	45	45	26.7	169	1.11	3316	571.7	76.268	414	1.49	11849	0.72
10637079	06MST26	FALSE	Male	2W	46	26	17.7	192	0.84	4213	726.4	96.899	349	1.1	25538	0.54
10309659	06F4T7	FALSE	Female	4W	47	37	43	179	0.9	2077	358.1	47.771	537	1.37	12056	0.42
10046623	06F8T26	FALSE	Female	8W	48	42	37.3	155	1.29	1609	277.4	37.007	646	1.36	13662	0.85
10680837	06FST1	TRUE	Female	2W	49	14	66.4	130	1.5	1921	331.2	44.183	1039	1.25	12579	0.77
10026355	06M8T17	TRUE	Male	SED	50	5	40.8	167	1	2669	460.2	61.387	596	2.96	40847	0.83
10219315	06M4T19	FALSE	Male	4W	51	66	26.4	188	1.17	2896	499.3	66.608	554	1.39	18462	0.9
10136967	06M4T10	FALSE	Male	4W	52	18	34.8	195	1.02	3663	631.6	84.249	420	1.6	32034	0.61
10471596	06MST6	FALSE	Male	1W	53	59	19.1	172	1.4	3756	647.6	86.388	851	1.19	35740	0.83
10619259	06MST24	TRUE	Male	1W	54	84	18.1	171	1.02	2755	475	63.365	626	1.19	42103	0.66
10044841	06F8T11	TRUE	Female	8W	55	13	69.6	161	1.51	2176	375.2	50.048	846	1.35	13833	0.79
10027084	06M8T22	FALSE	Male	8W	56	49	33.7	160	0.87	2959	510.2	68.057	419	1.78	18958	0.96
10093702	06M4T6	FALSE	Male	4W	57	56	31.5	164	1.49	4521	779.5	103.983	633	1.75	19602	0.8
10729518	06FST4	TRUE	Female	2W	58	33	58.7	150	1.41	2195	378.4	50.485	767	1.43	13772	0.64
10044760	06F8T10	TRUE	Female	8W	59	5	60.6	172	1.09	2113	364.3	48.599	854	1.31	7784	0.73
10063633	06M4T3	FALSE	Male	4W	60	21	29.2	172	0.78	2866	494.1	65.918	389	1.66	21554	0.67
10175431	06M4T15	FALSE	Male	4W	61	19	9.2	176	0.85	1851	319.1	42.573	498	1.43	21794	0.59
10877894	06FST19	FALSE	Female	2W	62	49	108.9	147	1.27	2911	501.9	66.953	1034	1.31	14068	0.68
10531599	06MST13	FALSE	Male	2W	63	41	42.7	194	1.41	3359	579.1	77.257	527	1.59	30234	0.79
10088113	06M4T5	FALSE	Male	4W	64	46	57.4	170	1.75	4918	847.9	113.114	690	1.55	23070	1.1
10045651	06F8T18	FALSE	Female	8W	65	5	62.3	170	1.19	2490	429.3	57.27	565	1.55	15333	0.64
10589325	06MST20	TRUE	Male	2W	66	44	33.5	169	1.32	2963	510.9	68.149	656	1.47	16875	0.75
10962735	06FST28	FALSE	Female	1W	67	23	83.9	146	1.25	1683	290.2	38.709	981	1.11	10864	0.62
10026193	06M8T15	TRUE	Male	8W	68	39	46.7	174	0.96	3134	540.3	72.082	257	1.97	14927	0.47
10046038	06F8T21	FALSE	Female	SED	69	5	76.5	168	1.64	2882	496.9	66.286	690	1.34	23839	0.57
10564179	06MST18	FALSE	Male	2W	70	117	49	187	0.99	3948	680.7	90.804	643	1.24	39409	0.85
10398651	06F4T19	FALSE	Female	4W	71	31	81.9	183	1.57	4189	722.2	96.347	481	1.65	18306	0.9
10387021	06F4T17	FALSE	Female	4W	72	48	64.1	175	1.84	2803	483.3	64.469	632	1.42	26244	1.03
10502300	06MST11	TRUE	Male	2W	73	5	25.7	182	1.5	3251	560.5	74.773	552	1.29	23146	0.75
10381414	06F4T16	TRUE	Female	4W	74	5	54.8	166	1.42	2173	374.7	49.979	603	1.3	16226	0.69
10220917	06M4T20	TRUE	Male	4W	75	97	35	197	0.84	2501	431.2	57.523	700	1.15	31315	0.65
10044256	06F8T7	TRUE	Female	8W	76	5	114.1	163	2.61	2055	354.3	47.265	873	1.6	11923	1.32
10486003	06MST9	TRUE	Male	2W	77	5	37.6	176	1.76	2553	440.2	58.719	937	1.27	19912	1.02
10337199	06F4T12	TRUE	Female	4W	78	33	46.6	167	1.16	2035	350.9	46.805	417	1.97	14109	0.7
10026002	06M8T14	FALSE	Male	SED	79	10	36.4	169	1.16	3674	633.4	84.502	644	1.79	39248	0.98
10411690	06F4T20	TRUE	Female	4W	80	10	43.7	167	2.35	2351	405.3	54.073	594	1.51	16073	1.12
10043527	06F8T1	TRUE	Female	SED	81	47	145.7	147	1.29	2249	387.8	51.727	803	1.8	14278	0.53
10027599	06M8T27	TRUE	Male	SED	82	66	32.3	184	1.15	3262	562.4	75.026	453	1.36	45889	0.71
10026436	06M8T18	FALSE	Male	8W	83	27	42.5	169	1.44	3443	593.6	79.189	744	1.33	29980	0.8
10553053	06MST16	FALSE	Male	1W	84	60	20	160	1.03	4342	748.6	99.866	462	1.02	33106	0.57
10478337	06MST8	FALSE	Male	1W	85	21	50.2	160	1.28	3616	623.4	83.168	874	1.13	23112	0.72
10338918	06F4T13	FALSE	Female	4W	86	34	51.8	166	1.28	2209	380.9	50.807	576	1.34	15374	0.63
10934529	06FST24	TRUE	Female	1W	87	61	88.2	168	0.77	1965	338.8	45.195	866	1.17	9144	0.46
10025464	06M8T8	FALSE	Male	SED	88	23	34.3	174	1	2909	501.6	66.907	834	1.35	33783	0.77
10424911	06MST3	TRUE	Male	1W	89	84	35	176	1.38	2605	449.1	59.915	396	1.52	33978	0.76
10953744	06FST27	TRUE	Female	1W	90	96	133.1	146	1.14	2302	396.9	52.946	645	1.31	12808	0.42
10950486	06FST25	TRUE	Female	1W	91	44	88.7	161	1.07	1920	331	44.16	865	1.39	9698	0.6
10760008	06FST9	FALSE	Female	1W	92	18	55	182	1.18	2871	495	66.033	572	1.41	16708	0.33
10784616	06FST14	FALSE	Female	1W	93	49	63.1	153	1.48	1745	300.9	40.135	661	1.3	20695	0.62
10046461	06F8T24	TRUE	Female	8W	94	71	81.1	150	1.23	2358	406.6	54.234	553	1.52	14665	0.8
10046976	06F8T29	FALSE	Female	8W	95	58	51.5	157	1.19	1829	315.3	42.067	939	1.23	9586	0.92
10335064	06F4T10	TRUE	Female	4W	96	34	37.5	156	1.48	2792	481.4	64.216	955	1.04	14103	0.85
10024816	06M8T4	FALSE	Male	SED	97	20	4.2	167	0.67	1347	232.2	30.981	883	1.24	44655	0.53
10045732	06F8T19	FALSE	Female	8W	98	36	94.1	151	1.39	2186	376.9	50.278	633	1.81	13455	0.79
10027408	06M8T26	FALSE	Male	8W	99	22	34.7	184	0.52	2533	436.7	58.259	261	1.61	12251	0.61
10971645	06FST29	TRUE	Female	2W	100	18	152.9	131	0.9	5701	982.9	131.123	1053	1.16	8930	0.59
10503110	06MST12	TRUE	Male	1W	101	24	27.5	185	1.49	2949	508.4	67.827	519	1.2	35022	0.83
10026940	06M8T21	FALSE	Male	8W	102	22	30.7	175	0.86	2662	459	61.226	366	1.61	26217	0.57
10044094	06F8T5	FALSE	Female	SED	103	43	61.5	NA	NA	514	88.6	11.822	928	NA	10055	NA
10139044	06M4T11	TRUE	Male	4W	104	5	57.8	168	1.86	2805	483.6	64.515	775	1.43	25798	1.04
10700102	06FST2	TRUE	Female	1W	105	5	59	161	1.59	2098	361.7	48.254	887	1.17	14513	0.8
10901000	06FST21	FALSE	Female	1W	106	20	76.6	165	1.2	2843	490.2	65.389	645	1.44	17137	0.55
10026274	06M8T16	FALSE	Male	SED	107	62	5	169	0.81	196	33.8	4.508	566	1.61	10814	0.44
10025898	06M8T12	FALSE	Male	8W	108	87	16.4	229	0.7	2432	419.3	55.936	382	2.16	9107	0.31
10914331	06FST23	FALSE	Female	1W	109	37	95.5	155	1.7	2034	350.7	46.782	900	1.3	11022	0.55
10536558	06MST14	FALSE	Male	1W	110	24	50.5	175	1.03	3116	537.2	71.668	438	1.19	32867	0.98
10616233	06MST23	FALSE	Male	1W	111	58	41.2	182	1.12	2795	481.9	64.285	442	1.46	21101	0.63
10046542	06F8T25	FALSE	Female	8W	112	38	62.3	157	2.08	3268	563.4	75.164	638	1.47	12343	1.17
10315624	06F4T9	FALSE	Female	4W	113	5	59.9	170	1.2	2372	409	54.556	705	1.54	17740	0.79
10204989	06M4T18	TRUE	Male	4W	114	16	32	171	0.97	3970	684.5	91.31	359	1.48	24070	1.23
10496580	06MST10	FALSE	Male	2W	115	63	37.5	170	1.37	2525	435.3	58.075	1029	1.31	33368	1.08
10085017	06M4T4	FALSE	Male	4W	116	40	33.3	169	0.82	4515	778.4	103.845	274	1.68	47915	0.64
10045228	06F8T15	TRUE	Female	8W	117	5	51.6	165	1.61	2173	374.7	49.979	447	1.64	16019	1
10591575	06MST21	FALSE	Male	2W	118	15	34.4	179	1.79	3586	618.3	82.478	586	1.25	32326	1.12
10025626	06M8T10	TRUE	Male	8W	119	16	46.1	177	0.93	2476	426.9	56.948	452	1.64	8483	0.65
10139710	06M4T12	FALSE	Male	4W	120	135	44	183	0.91	4936	851	113.528	710	1.32	32171	0.85
10043950	06F8T4	TRUE	Female	SED	121	38	64.2	151	1.95	1655	285.3	38.065	917	1.38	19476	1
10044418	06F8T9	FALSE	Female	SED	122	NA	67.5	NA	NA	1778	306.6	40.894	694	NA	17816	NA
10027327	06M8T25	TRUE	Male	SED	123	5	13	169	1.09	2278	392.8	52.394	463	1.52	37940	0.71
10045309	06F8T16	TRUE	Female	8W	124	15	50.3	172	1	2142	369.3	49.266	369	1.55	15100	0.55
10770666	06FST11	FALSE	Female	1W	125	23	149.6	138	1.15	1406	242.4	32.338	1080	1.4	8485	0.66
10284052	06F4T4	FALSE	Female	4W	126	87	12.3	161	1.64	2137	368.4	49.151	518	1.76	11226	0.47
10830073	06FST15	FALSE	Female	2W	127	37	48.4	158	1.33	2129	367.1	48.967	594	1.29	8291	0.68
10756086	06FST8	FALSE	Female	2W	128	46	69.4	180	1	2661	458.8	61.203	361	1.48	15774	0.41
10543767	06MST15	FALSE	Male	1W	129	52	38.7	188	1.27	2483	428.1	57.109	950	1.19	40635	1.04
10742611	06FST7	FALSE	Female	2W	130	37	121	152	1.34	2530	436.2	58.19	881	1.19	12676	0.65
10761160	06FST10	TRUE	Female	2W	131	58	78.9	141	1.29	1400	241.4	32.2	1059	1.37	11991	0.76
10641858	06MST27	TRUE	Male	2W	132	66	44.3	178	1.8	2380	410.3	54.74	538	2.3	24000	0.95
10282947	06F4T3	FALSE	Female	4W	133	57	59.7	174	1.11	1816	313.1	41.768	708	1.39	15706	0.62
10026517	06M8T19	TRUE	Male	SED	134	32	69.1	175	1.22	3440	593.1	79.12	749	1.06	58397	0.75
10185585	06M4T17	TRUE	Male	4W	135	36	23.4	182	1.45	5629	970.5	129.467	592	1.32	54255	0.81
10171010	06M4T14	FALSE	Male	4W	136	89	18.8	180	0.94	2571	443.3	59.133	669	1.19	17468	0.81
10621903	06MST25	FALSE	Male	1W	137	10	22.3	178	1.25	2890	498.3	66.47	543	1.36	29541	1.26
10833331	06FST16	TRUE	Female	1W	138	32	149.4	132	1.42	2633	454	60.559	1082	1.13	9687	0.72
10306471	06F4T6	TRUE	Female	4W	139	87	74	163	1.06	1690	291.4	38.87	597	1.22	15390	0.57
10858679	06FST17	FALSE	Female	2W	140	5	97.4	145	1.36	2311	398.4	53.153	897	1.11	10619	0.75
10702741	06FST3	FALSE	Female	2W	141	22	95.7	162	1.06	2636	454.5	60.628	969	1.14	5776	0.83
10268871	06F4T2	FALSE	Female	4W	142	29	1.6	NA	NA	802	138.3	18.446	320	NA	5990	NA
10780629	06FST12	FALSE	Female	1W	143	40	41.3	174	0.96	2272	391.7	52.256	513	1.69	11870	0.54
10045570	06F8T17	FALSE	Female	SED	144	25	32.8	163	2.29	2912	502.1	66.976	558	1.52	19484	1.03
10950648	06FST26	FALSE	Female	1W	145	68	95.3	174	1.4	2671	460.5	61.433	660	1.66	18207	0.67
10422463	06MST2	TRUE	Male	1W	146	62	36.6	162	1.3	3511	605.3	80.753	743	1.1	28431	0.91
